# RANS data generated using code from https://github.com/Fluid-Dynamics-Of-Energy-Systems-Team/RANS_Channel
#
# Profiles generated from "gasLike" DNS data using "MK" turbulence model (k-epsilon)
#
# The columns correspond to
#  [ 1]  ...               y,  wall normal coordinate 
#  [ 2]  ...           <rho>,  Reynolds averaged density
#  [ 3]  ...             <u>,  Reynolds averaged streamwise velocity

0.0000000000000      1.0000000000000      0.0000000000000
0.0006386459732      0.9536839589251      0.6038960782908
0.0013591019359      0.9064283908353      1.2606263119180
0.0021717768847      0.8587498473956      1.9702385268973
0.0030883848645      0.8114023437739      2.7289598809096
0.0041221033124      0.7654437760277      3.5270663381963
0.0052877491652      0.7221719715961      4.3479283790492
0.0066019743197      0.6828330143508      5.1701517531511
0.0080834820562      0.6482297914983      5.9724841889585
0.0097532660181      0.6185204285342      6.7386299144696
0.0116348732598      0.5933237205058      7.4594473397608
0.0137546927203      0.5719818064321      8.1323068578441
0.0161422702155      0.5537874440067      8.7590457932549
0.0188306506466      0.5381065355009      9.3438984766870
0.0218567475485      0.5244180921720      9.8920073364001
0.0252617393119      0.5123117170234      10.408553092236
0.0290914903441      0.5014697767052      10.898333224569
0.0333969940281      0.4916473382582      11.365609278673
0.0382348325263      0.4826546929545      11.814095202396
0.0436676461634      0.4743435550012      12.247009644651
0.0497646022460      0.4665966410180      12.667150202446
0.0566018496329      0.4593199681656      13.076968629553
0.0642629410916      0.4524372161111      13.478637653009
0.0728392004055      0.4458856156412      13.874106040068
0.0824300053099      0.4396129564301      14.265141345809
0.0931429506736      0.4335754170533      14.653360820456
0.1050938490329      0.4277360054708      15.040251144544
0.1184065178897      0.4220634598659      15.427177508217
0.1332122955234      0.4165315021439      15.815382356988
0.1496492200998      0.4111183638242      16.205974059428
0.1678608014949      0.4058065201076      16.599905908105
0.1879943127146      0.4005825756815      16.997946285996
0.2101985296187      0.3954372483657      17.400641493203
0.2346208556523      0.3903653974422      17.808273513757
0.2614037844473      0.3853660464441      18.220815668452
0.2906806794303      0.3804423594037      18.637889297344
0.3225708875839      0.3756015481210      19.058723964824
0.3571742550701      0.3708547165274      19.482121906928
0.3945651750500      0.3662166840922      19.906424508526
0.4347863702746      0.3617058686889      20.329474727501
0.4778426900199      0.3573443463557      20.748564887323
0.5236952750942      0.3531582410043      21.160354272549
0.5722565058274      0.3491786357807      21.560735390566
0.6233861842462      0.3454432393902      21.944622204401
0.6768894009697      0.3419990492940      22.305632942616
0.7325164896469      0.3389060737300      22.635663130027
0.7899653715939      0.3362413671654      22.924443233807
0.8488864423619      0.3341004481965      23.159437444547
0.9088899606366      0.3325899016462      23.326828439307
0.9695556871567      0.3318059479771      23.414217931083
1.0304443128432      0.3318059479771      23.414217931083
1.0911100393633      0.3325899016462      23.326828439307
1.1511135576381      0.3341004481965      23.159437444547
1.2100346284060      0.3362413671654      22.924443233807
1.2674835103530      0.3389060737300      22.635663130027
1.3231105990302      0.3419990492940      22.305632942617
1.3766138157537      0.3454432393902      21.944622204401
1.4277434941725      0.3491786357807      21.560735390566
1.4763047249057      0.3531582410043      21.160354272549
1.5221573099800      0.3573443463557      20.748564887324
1.5652136297253      0.3617058686889      20.329474727501
1.6054348249499      0.3662166840922      19.906424508526
1.6428257449298      0.3708547165274      19.482121906928
1.6774291124160      0.3756015481210      19.058723964824
1.7093193205696      0.3804423594037      18.637889297345
1.7385962155526      0.3853660464441      18.220815668452
1.7653791443476      0.3903653974422      17.808273513757
1.7898014703812      0.3954372483657      17.400641493203
1.8120056872853      0.4005825756815      16.997946285996
1.8321391985050      0.4058065201076      16.599905908105
1.8503507799001      0.4111183638242      16.205974059428
1.8667877044765      0.4165315021439      15.815382356989
1.8815934821102      0.4220634598659      15.427177508217
1.8949061509670      0.4277360054708      15.040251144544
1.9068570493263      0.4335754170533      14.653360820457
1.9175699946900      0.4396129564301      14.265141345809
1.9271607995944      0.4458856156412      13.874106040068
1.9357370589083      0.4524372161111      13.478637653009
1.9433981503670      0.4593199681656      13.076968629553
1.9502353977539      0.4665966410180      12.667150202446
1.9563323538365      0.4743435550012      12.247009644651
1.9617651674736      0.4826546929545      11.814095202396
1.9666030059718      0.4916473382582      11.365609278673
1.9709085096558      0.5014697767052      10.898333224569
1.9747382606880      0.5123117170234      10.408553092236
1.9781432524514      0.5244180921720      9.8920073364002
1.9811693493533      0.5381065355009      9.3438984766870
1.9838577297844      0.5537874440067      8.7590457932549
1.9862453072796      0.5719818064321      8.1323068578441
1.9883651267401      0.5933237205058      7.4594473397608
1.9902467339818      0.6185204285342      6.7386299144696
1.9919165179437      0.6482297914983      5.9724841889585
1.9933980256802      0.6828330143508      5.1701517531511
1.9947122508347      0.7221719715961      4.3479283790492
1.9958778966875      0.7654437760277      3.5270663381963
1.9969116151354      0.8114023437739      2.7289598809096
1.9978282231152      0.8587498473956      1.9702385268973
1.9986408980640      0.9064283908353      1.2606263119180
1.9993613540267      0.9536839589251      0.6038960782908
2.0000000000000      1.0000000000000      0.0000000000000